HOLIDAYS_EXCLUDE_WEEKEND
20050101
20050102
20050103
20050209
20050210
20050211
20050212
20050213
20050214
20050215
20050501
20050502
20050503
20050504
20050505
20050506
20050507
20051001
20051002
20051003
20051004
20051005
20051006
20051007
20060101
20060102
20060103
20060129
20060130
20060131
20060201
20060202
20060203
20060204
20060501
20060502
20060503
20060504
20060505
20060506
20060507
20061001
20061002
20061003
20061004
20061005
20061006
20061007
20070101
20070102
20070103
20070218
20070219
20070220
20070221
20070222
20070223
20070224
20070501
20070502
20070503
20070504
20070505
20070506
20070507
20071001
20071002
20071003
20071004
20071005
20071006
20071007
20071230
20071231
20080101
20080206
20080207
20080208
20080209
20080210
20080211
20080212
20080404
20080405
20080406
20080501
20080502
20080503
20080607
20080608
20080609
20080913
20080914
20080915
20080929
20080930
20081001
20081002
20081003
20081004
20081005
20090101
20090102
20090103
20090125
20090126
20090127
20090128
20090129
20090130
20090131
20090404
20090405
20090406
20090501
20090502
20090503
20090528
20090529
20090530
20091001
20091002
20091003
20091004
20091005
20091006
20091007
20091008
20100101
20100102
20100103
20100213
20100214
20100215
20100216
20100217
20100218
20100219
20100403
20100404
20100405
20100501
20100502
20100503
20100614
20100615
20100616
20100922
20100923
20100924
20101001
20101004
20101005
20101006
20101007
20110103
20110202
20110203
20110204
20110207
20110208
20110404
20110405
20110502
20110606
20110912
20111003
20111004
20111005
20111006
20111007
20120102
20120103
20120123
20120124
20120125
20120126
20120127
20120402
20120403
20120404
20120430
20120501
20120622
20121001
20121002
20121003
20121004
20121005
20130101
20130102
20130103
20130211
20130212
20130213
20130214
20130215
20130404
20130405
20130429
20130430
20130501
20130610
20130611
20130612
20130919
20130920
20131001
20131002
20131003
20131004
20131007
20140101
20140131
20140203
20140204
20140205
20140206
20140407
20140501
20140502
20140602
20140908
20141001
20141002
20141003
20141006
20141007